began at time 2024-10-22 19:45:47.546593
drivers: 6, clients: 4, step 200(0.0025,3)(0.005,3)(0.0075,3)(0.01,3)(0.0125,3)(0.015,3)(0.0175,3)(0.02,3)(0.0225,3)(0.025,3)
(0.0275,3)(0.03,3)(0.0325,3)(0.035,3)(0.0375,3)(0.04,3)(0.0425,3)(0.045,3)(0.0475,3)(0.05,3)
(0.0525,3)(0.055,3)(0.0575,3)(0.06,3)(0.0625,3)(0.065,3)(0.0675,3)(0.07,3)(0.0725,3)(0.075,3)
(0.0775,3)(0.08,3)(0.0825,3)(0.085,3)(0.0875,3)(0.09,3)(0.0925,3)(0.095,3)(0.0975,3)(0.1,3)
(0.1025,3)(0.105,3)(0.1075,3)(0.11,3)(0.1125,3)(0.115,3)(0.1175,3)(0.12,3)(0.1225,3)(0.125,3)
(0.1275,3)(0.13,3)(0.1325,3)(0.135,3)(0.1375,3)(0.14,3)(0.1425,3)(0.145,3)(0.1475,3)(0.15,3)
(0.1525,3)(0.155,3)(0.1575,3)(0.16,3)(0.1625,3)(0.165,3)(0.1675,3)(0.17,3)(0.1725,3)(0.175,3)
(0.1775,3)(0.18,3)(0.1825,3)(0.185,3)(0.1875,3)(0.19,3)(0.1925,3)(0.195,3)(0.1975,3)(0.2,3)
(0.2025,3)(0.205,3)(0.2075,3)(0.21,3)(0.2125,3)(0.215,3)(0.2175,3)(0.22,3)(0.2225,3)(0.225,3)
(0.2275,3)(0.23,3)(0.2325,3)(0.235,3)(0.2375,3)(0.24,3)(0.2425,3)(0.245,3)(0.2475,3)(0.25,7)
(0.2525,4)(0.255,4)(0.2575,4)(0.26,4)(0.2625,4)(0.265,4)(0.2675,4)(0.27,4)(0.2725,4)(0.275,4)
(0.2775,4)(0.28,4)(0.2825,4)(0.285,4)(0.2875,3)(0.29,3)(0.2925,3)(0.295,3)(0.2975,3)(0.3,3)
(0.3025,3)(0.305,3)(0.3075,3)(0.31,3)(0.3125,3)(0.315,3)(0.3175,3)(0.32,3)(0.3225,3)(0.325,3)
(0.3275,3)(0.33,3)(0.3325,3)(0.335,0)(0.3375,0)(0.34,0)(0.3425,0)(0.345,0)(0.3475,0)(0.35,0)
(0.3525,0)(0.355,0)(0.3575,0)(0.36,0)(0.3625,0)(0.365,0)(0.3675,0)(0.37,0)(0.3725,0)(0.375,0)
(0.3775,0)(0.38,0)(0.3825,0)(0.385,0)(0.3875,0)(0.39,0)(0.3925,0)(0.395,0)(0.3975,0)(0.4,0)
(0.4025,0)(0.405,0)(0.4075,0)(0.41,0)(0.4125,0)(0.415,0)(0.4175,0)(0.42,0)(0.4225,0)(0.425,0)
(0.4275,0)(0.43,0)(0.4325,0)(0.435,0)(0.4375,0)(0.44,0)(0.4425,0)(0.445,0)(0.4475,0)(0.45,0)
(0.4525,0)(0.455,0)(0.4575,0)(0.46,0)(0.4625,0)(0.465,0)(0.4675,0)(0.47,0)(0.4725,0)(0.475,0)
(0.4775,0)(0.48,0)(0.4825,0)(0.485,0)(0.4875,0)(0.49,0)(0.4925,0)(0.495,0)(0.4975,0)(0.5,6)

log complete
time: 0.0
_______________________________________________________________
began at time 2024-10-22 19:45:47.593705
drivers: 26, clients: 15, step 200(0.0025,3)(0.005,3)(0.0075,3)(0.01,3)(0.0125,3)(0.015,3)(0.0175,3)(0.02,3)(0.0225,3)(0.025,3)
(0.0275,3)(0.03,3)(0.0325,3)(0.035,3)(0.0375,3)(0.04,3)(0.0425,3)(0.045,3)(0.0475,3)(0.05,3)
(0.0525,3)(0.055,3)(0.0575,3)(0.06,3)(0.0625,3)(0.065,3)(0.0675,3)(0.07,3)(0.0725,3)(0.075,3)
(0.0775,3)(0.08,3)(0.0825,3)(0.085,3)(0.0875,3)(0.09,3)(0.0925,3)(0.095,3)(0.0975,3)(0.1,3)
(0.1025,3)(0.105,3)(0.1075,3)(0.11,3)(0.1125,3)(0.115,3)(0.1175,3)(0.12,3)(0.1225,3)(0.125,3)
(0.1275,3)(0.13,3)(0.1325,3)(0.135,4)(0.1375,4)(0.14,5)(0.1425,5)(0.145,6)(0.1475,6)(0.15,7)
(0.1525,7)(0.155,8)(0.1575,8)(0.16,15)(0.1625,9)(0.165,9)(0.1675,10)(0.17,10)(0.1725,10)(0.175,11)
(0.1775,11)(0.18,11)(0.1825,12)(0.185,12)(0.1875,12)(0.19,12)(0.1925,13)(0.195,13)(0.1975,13)(0.2,25)
(0.2025,12)(0.205,12)(0.2075,12)(0.21,12)(0.2125,11)(0.215,11)(0.2175,11)(0.22,11)(0.2225,10)(0.225,10)
(0.2275,10)(0.23,10)(0.2325,10)(0.235,10)(0.2375,9)(0.24,9)(0.2425,9)(0.245,9)(0.2475,9)(0.25,17)
(0.2525,8)(0.255,8)(0.2575,8)(0.26,8)(0.2625,8)(0.265,8)(0.2675,7)(0.27,7)(0.2725,7)(0.275,7)
(0.2775,7)(0.28,7)(0.2825,7)(0.285,7)(0.2875,6)(0.29,6)(0.2925,6)(0.295,6)(0.2975,6)(0.3,6)
(0.3025,6)(0.305,6)(0.3075,6)(0.31,5)(0.3125,5)(0.315,5)(0.3175,5)(0.32,5)(0.3225,5)(0.325,5)
(0.3275,5)(0.33,5)(0.3325,5)(0.335,4)(0.3375,4)(0.34,4)(0.3425,4)(0.345,4)(0.3475,4)(0.35,4)
(0.3525,4)(0.355,4)(0.3575,4)(0.36,4)(0.3625,4)(0.365,3)(0.3675,3)(0.37,3)(0.3725,3)(0.375,3)
(0.3775,3)(0.38,3)(0.3825,3)(0.385,3)(0.3875,3)(0.39,3)(0.3925,3)(0.395,3)(0.3975,3)(0.4,3)
(0.4025,0)(0.405,0)(0.4075,0)(0.41,0)(0.4125,0)(0.415,0)(0.4175,0)(0.42,0)(0.4225,0)(0.425,0)
(0.4275,0)(0.43,0)(0.4325,0)(0.435,0)(0.4375,0)(0.44,0)(0.4425,0)(0.445,0)(0.4475,0)(0.45,0)
(0.4525,0)(0.455,0)(0.4575,0)(0.46,0)(0.4625,0)(0.465,0)(0.4675,0)(0.47,0)(0.4725,0)(0.475,0)
(0.4775,0)(0.48,0)(0.4825,0)(0.485,0)(0.4875,0)(0.49,0)(0.4925,0)(0.495,0)(0.4975,0)(0.5,15)

log complete
time: 0.0
_______________________________________________________________
began at time 2024-10-22 19:45:48.411869
drivers: 3, clients: 2, step 200(0.0025,3)(0.005,3)(0.0075,3)(0.01,3)(0.0125,3)(0.015,3)(0.0175,3)(0.02,3)(0.0225,3)(0.025,3)
(0.0275,3)(0.03,3)(0.0325,3)(0.035,3)(0.0375,3)(0.04,3)(0.0425,3)(0.045,3)(0.0475,3)(0.05,3)
(0.0525,3)(0.055,3)(0.0575,3)(0.06,3)(0.0625,3)(0.065,3)(0.0675,3)(0.07,3)(0.0725,3)(0.075,3)
(0.0775,3)(0.08,3)(0.0825,3)(0.085,3)(0.0875,3)(0.09,3)(0.0925,3)(0.095,3)(0.0975,3)(0.1,3)
(0.1025,3)(0.105,3)(0.1075,3)(0.11,3)(0.1125,3)(0.115,3)(0.1175,3)(0.12,3)(0.1225,3)(0.125,3)
(0.1275,3)(0.13,3)(0.1325,3)(0.135,3)(0.1375,3)(0.14,3)(0.1425,3)(0.145,3)(0.1475,3)(0.15,3)
(0.1525,3)(0.155,3)(0.1575,3)(0.16,3)(0.1625,3)(0.165,3)(0.1675,3)(0.17,3)(0.1725,3)(0.175,3)
(0.1775,3)(0.18,3)(0.1825,3)(0.185,3)(0.1875,3)(0.19,3)(0.1925,3)(0.195,3)(0.1975,3)(0.2,3)
(0.2025,3)(0.205,3)(0.2075,3)(0.21,3)(0.2125,3)(0.215,3)(0.2175,3)(0.22,3)(0.2225,3)(0.225,3)
(0.2275,3)(0.23,3)(0.2325,3)(0.235,3)(0.2375,3)(0.24,3)(0.2425,3)(0.245,3)(0.2475,3)(0.25,3)
(0.2525,0)(0.255,0)(0.2575,0)(0.26,0)(0.2625,0)(0.265,0)(0.2675,0)(0.27,0)(0.2725,0)(0.275,0)
(0.2775,0)(0.28,0)(0.2825,0)(0.285,0)(0.2875,0)(0.29,0)(0.2925,0)(0.295,0)(0.2975,0)(0.3,0)
(0.3025,0)(0.305,0)(0.3075,0)(0.31,0)(0.3125,0)(0.315,0)(0.3175,0)(0.32,0)(0.3225,0)(0.325,0)
(0.3275,0)(0.33,0)(0.3325,0)(0.335,0)(0.3375,0)(0.34,0)(0.3425,0)(0.345,0)(0.3475,0)(0.35,0)
(0.3525,0)(0.355,0)(0.3575,0)(0.36,0)(0.3625,0)(0.365,0)(0.3675,0)(0.37,0)(0.3725,0)(0.375,0)
(0.3775,0)(0.38,0)(0.3825,0)(0.385,0)(0.3875,0)(0.39,0)(0.3925,0)(0.395,0)(0.3975,0)(0.4,0)
(0.4025,0)(0.405,0)(0.4075,0)(0.41,0)(0.4125,0)(0.415,0)(0.4175,0)(0.42,0)(0.4225,0)(0.425,0)
(0.4275,0)(0.43,0)(0.4325,0)(0.435,0)(0.4375,0)(0.44,0)(0.4425,0)(0.445,0)(0.4475,0)(0.45,0)
(0.4525,0)(0.455,0)(0.4575,0)(0.46,0)(0.4625,0)(0.465,0)(0.4675,0)(0.47,0)(0.4725,0)(0.475,0)
(0.4775,0)(0.48,0)(0.4825,0)(0.485,0)(0.4875,0)(0.49,0)(0.4925,0)(0.495,0)(0.4975,0)(0.5,3)

log complete
time: 0.0
_______________________________________________________________
began at time 2024-10-22 19:45:48.431274
drivers: 7, clients: 4, step 200(0.0025,3)(0.005,3)(0.0075,3)(0.01,3)(0.0125,3)(0.015,3)(0.0175,3)(0.02,3)(0.0225,3)(0.025,3)
(0.0275,3)(0.03,3)(0.0325,3)(0.035,3)(0.0375,3)(0.04,3)(0.0425,3)(0.045,3)(0.0475,3)(0.05,3)
(0.0525,3)(0.055,3)(0.0575,3)(0.06,3)(0.0625,3)(0.065,3)(0.0675,3)(0.07,3)(0.0725,3)(0.075,3)
(0.0775,3)(0.08,3)(0.0825,3)(0.085,3)(0.0875,3)(0.09,3)(0.0925,3)(0.095,3)(0.0975,3)(0.1,3)
(0.1025,3)(0.105,3)(0.1075,3)(0.11,3)(0.1125,3)(0.115,3)(0.1175,3)(0.12,3)(0.1225,3)(0.125,7)
(0.1275,4)(0.13,4)(0.1325,4)(0.135,4)(0.1375,4)(0.14,4)(0.1425,4)(0.145,5)(0.1475,5)(0.15,5)
(0.1525,5)(0.155,5)(0.1575,5)(0.16,5)(0.1625,5)(0.165,5)(0.1675,4)(0.17,4)(0.1725,4)(0.175,4)
(0.1775,4)(0.18,4)(0.1825,4)(0.185,4)(0.1875,4)(0.19,4)(0.1925,4)(0.195,4)(0.1975,4)(0.2,5)
(0.2025,3)(0.205,3)(0.2075,3)(0.21,3)(0.2125,3)(0.215,3)(0.2175,3)(0.22,3)(0.2225,3)(0.225,3)
(0.2275,3)(0.23,3)(0.2325,3)(0.235,3)(0.2375,3)(0.24,3)(0.2425,3)(0.245,3)(0.2475,3)(0.25,3)
(0.2525,0)(0.255,0)(0.2575,0)(0.26,0)(0.2625,0)(0.265,0)(0.2675,0)(0.27,0)(0.2725,0)(0.275,0)
(0.2775,0)(0.28,0)(0.2825,0)(0.285,0)(0.2875,0)(0.29,0)(0.2925,0)(0.295,0)(0.2975,0)(0.3,0)
(0.3025,0)(0.305,0)(0.3075,0)(0.31,0)(0.3125,0)(0.315,0)(0.3175,0)(0.32,0)(0.3225,0)(0.325,0)
(0.3275,0)(0.33,0)(0.3325,0)(0.335,0)(0.3375,0)(0.34,0)(0.3425,0)(0.345,0)(0.3475,0)(0.35,0)
(0.3525,0)(0.355,0)(0.3575,0)(0.36,0)(0.3625,0)(0.365,0)(0.3675,0)(0.37,0)(0.3725,0)(0.375,0)
(0.3775,0)(0.38,0)(0.3825,0)(0.385,0)(0.3875,0)(0.39,0)(0.3925,0)(0.395,0)(0.3975,0)(0.4,0)
(0.4025,0)(0.405,0)(0.4075,0)(0.41,0)(0.4125,0)(0.415,0)(0.4175,0)(0.42,0)(0.4225,0)(0.425,0)
(0.4275,0)(0.43,0)(0.4325,0)(0.435,0)(0.4375,0)(0.44,0)(0.4425,0)(0.445,0)(0.4475,0)(0.45,0)
(0.4525,0)(0.455,0)(0.4575,0)(0.46,0)(0.4625,0)(0.465,0)(0.4675,0)(0.47,0)(0.4725,0)(0.475,0)
(0.4775,0)(0.48,0)(0.4825,0)(0.485,0)(0.4875,0)(0.49,0)(0.4925,0)(0.495,0)(0.4975,0)(0.5,3)

log complete
time: 0.0
_______________________________________________________________
began at time 2024-10-22 19:45:48.494606
drivers: 14, clients: 10, step 200(0.0025,3)(0.005,3)(0.0075,3)(0.01,3)(0.0125,3)(0.015,3)(0.0175,3)(0.02,3)(0.0225,3)(0.025,3)
(0.0275,3)(0.03,3)(0.0325,3)(0.035,3)(0.0375,3)(0.04,3)(0.0425,3)(0.045,3)(0.0475,3)(0.05,3)
(0.0525,3)(0.055,3)(0.0575,3)(0.06,3)(0.0625,3)(0.065,3)(0.0675,3)(0.07,3)(0.0725,3)(0.075,3)
(0.0775,3)(0.08,3)(0.0825,3)(0.085,3)(0.0875,3)(0.09,3)(0.0925,3)(0.095,3)(0.0975,3)(0.1,3)
(0.1025,3)(0.105,3)(0.1075,3)(0.11,3)(0.1125,3)(0.115,3)(0.1175,3)(0.12,3)(0.1225,3)(0.125,3)
(0.1275,3)(0.13,3)(0.1325,3)(0.135,3)(0.1375,3)(0.14,3)(0.1425,3)(0.145,3)(0.1475,3)(0.15,3)
(0.1525,3)(0.155,3)(0.1575,3)(0.16,3)(0.1625,3)(0.165,3)(0.1675,3)(0.17,3)(0.1725,3)(0.175,3)
(0.1775,3)(0.18,3)(0.1825,3)(0.185,3)(0.1875,3)(0.19,3)(0.1925,3)(0.195,3)(0.1975,3)(0.2,3)
(0.2025,3)(0.205,3)(0.2075,3)(0.21,3)(0.2125,3)(0.215,3)(0.2175,3)(0.22,3)(0.2225,3)(0.225,3)
(0.2275,3)(0.23,3)(0.2325,3)(0.235,3)(0.2375,3)(0.24,3)(0.2425,3)(0.245,3)(0.2475,3)(0.25,3)
(0.2525,3)(0.255,3)(0.2575,3)(0.26,3)(0.2625,3)(0.265,3)(0.2675,3)(0.27,3)(0.2725,3)(0.275,3)
(0.2775,3)(0.28,3)(0.2825,3)(0.285,3)(0.2875,3)(0.29,3)(0.2925,3)(0.295,3)(0.2975,3)(0.3,7)
(0.3025,4)(0.305,4)(0.3075,4)(0.31,4)(0.3125,4)(0.315,4)(0.3175,5)(0.32,5)(0.3225,5)(0.325,5)
(0.3275,5)(0.33,5)(0.3325,5)(0.335,6)(0.3375,6)(0.34,6)(0.3425,6)(0.345,6)(0.3475,6)(0.35,6)
(0.3525,6)(0.355,5)(0.3575,5)(0.36,5)(0.3625,5)(0.365,5)(0.3675,5)(0.37,5)(0.3725,5)(0.375,9)
(0.3775,4)(0.38,4)(0.3825,4)(0.385,4)(0.3875,4)(0.39,4)(0.3925,4)(0.395,4)(0.3975,4)(0.4,5)
(0.4025,3)(0.405,3)(0.4075,3)(0.41,3)(0.4125,3)(0.415,3)(0.4175,3)(0.42,3)(0.4225,3)(0.425,3)
(0.4275,3)(0.43,0)(0.4325,0)(0.435,0)(0.4375,0)(0.44,0)(0.4425,0)(0.445,0)(0.4475,0)(0.45,0)
(0.4525,0)(0.455,0)(0.4575,0)(0.46,0)(0.4625,0)(0.465,0)(0.4675,0)(0.47,0)(0.4725,0)(0.475,0)
(0.4775,0)(0.48,0)(0.4825,0)(0.485,0)(0.4875,0)(0.49,0)(0.4925,0)(0.495,0)(0.4975,0)(0.5,28)

log complete
time: 0.0
_______________________________________________________________
