key: #0 - binom mean
     #1 - binom var factor
     #2 - drivers
     #3 - terminals
     #4 - epsilon
began at time 2024-11-08 10:30:53.843983
i.v: #3 from 1 to 100 adding with step of 1
c.v: [1, 1, 100, 0.4]
data:
(1,0)
(2,0)
(3,0)
(4,0)
(5,0)
(6,0)
(7,0)
(8,0)
(9,0)
(10,0)
(11,0)
(12,0)
(13,0)
(14,0)
(15,0)
(16,0)
(17,0)
(18,0)
(19,0)
(20,0)
(21,0)
(22,0)
(23,0)
(24,0)
(25,1)
(26,1)
(27,1)
(28,1)
(29,1)
(30,2)
(31,2)
(32,2)
(33,3)
(34,3)
(35,3)
(36,4)
(37,4)
(38,4)
(39,5)
(40,5)
(41,6)
(42,6)
(43,7)
(44,7)
(45,8)
(46,8)
(47,9)
(48,9)
(49,10)
(50,10)
(51,11)
(52,11)
(53,12)
(54,12)
(55,13)
(56,14)
(57,14)
(58,15)
(59,15)
(60,16)
(61,17)
(62,17)
(63,18)
(64,18)
(65,19)
(66,20)
(67,20)
(68,21)
(69,22)
(70,19)
(71,16)
(72,13)
(73,10)
(74,7)
(75,4)
(76,1)
(77,0)
(78,0)
(79,0)
(80,0)
(81,0)
(82,0)
(83,0)
(84,0)
(85,0)
(86,0)
(87,0)
(88,0)
(89,0)
(90,0)
(91,0)
(92,0)
(93,0)
(94,0)
(95,0)
(96,0)
(97,0)
(98,0)
(99,0)
(100,0)

log complete
time: 0.07318854331970215
_______________________________________________________________
key: #0 - binom mean
     #1 - binom var factor
     #2 - drivers
     #3 - terminals
     #4 - epsilon
began at time 2024-11-08 10:30:53.918172
i.v: #3 from 1 to 100 adding with step of 1
c.v: [1, 2, 100, 0.4]
data:
(1,0)
(2,0)
(3,0)
(4,0)
(5,0)
(6,0)
(7,0)
(8,0)
(9,0)
(10,0)
(11,0)
(12,0)
(13,0)
(14,0)
(15,0)
(16,0)
(17,0)
(18,0)
(19,0)
(20,0)
(21,1)
(22,1)
(23,1)
(24,1)
(25,2)
(26,2)
(27,3)
(28,3)
(29,3)
(30,4)
(31,4)
(32,5)
(33,6)
(34,6)
(35,7)
(36,7)
(37,8)
(38,9)
(39,9)
(40,10)
(41,11)
(42,12)
(43,12)
(44,13)
(45,14)
(46,15)
(47,15)
(48,16)
(49,17)
(50,18)
(51,19)
(52,20)
(53,21)
(54,21)
(55,22)
(56,23)
(57,24)
(58,25)
(59,26)
(60,27)
(61,28)
(62,29)
(63,30)
(64,31)
(65,32)
(66,33)
(67,34)
(68,35)
(69,36)
(70,37)
(71,38)
(72,39)
(73,40)
(74,41)
(75,42)
(76,43)
(77,44)
(78,45)
(79,42)
(80,37)
(81,32)
(82,28)
(83,24)
(84,20)
(85,17)
(86,14)
(87,11)
(88,8)
(89,5)
(90,2)
(91,0)
(92,0)
(93,0)
(94,0)
(95,0)
(96,0)
(97,0)
(98,0)
(99,0)
(100,0)

log complete
time: 0.0890958309173584
_______________________________________________________________
key: #0 - binom mean
     #1 - binom var factor
     #2 - drivers
     #3 - terminals
     #4 - epsilon
began at time 2024-11-08 10:30:54.007268
i.v: #3 from 1 to 100 adding with step of 1
c.v: [1, 3, 100, 0.4]
data:
(1,0)
(2,0)
(3,0)
(4,0)
(5,0)
(6,0)
(7,0)
(8,0)
(9,0)
(10,0)
(11,0)
(12,0)
(13,0)
(14,0)
(15,0)
(16,0)
(17,0)
(18,0)
(19,0)
(20,1)
(21,1)
(22,1)
(23,2)
(24,2)
(25,2)
(26,3)
(27,3)
(28,4)
(29,4)
(30,5)
(31,6)
(32,6)
(33,7)
(34,8)
(35,8)
(36,9)
(37,10)
(38,10)
(39,11)
(40,12)
(41,13)
(42,14)
(43,15)
(44,15)
(45,16)
(46,17)
(47,18)
(48,19)
(49,20)
(50,21)
(51,22)
(52,23)
(53,24)
(54,25)
(55,26)
(56,27)
(57,28)
(58,29)
(59,30)
(60,31)
(61,32)
(62,33)
(63,34)
(64,35)
(65,36)
(66,38)
(67,39)
(68,40)
(69,41)
(70,42)
(71,43)
(72,44)
(73,45)
(74,47)
(75,48)
(76,49)
(77,50)
(78,51)
(79,52)
(80,53)
(81,55)
(82,56)
(83,51)
(84,42)
(85,37)
(86,32)
(87,28)
(88,24)
(89,21)
(90,18)
(91,14)
(92,11)
(93,8)
(94,5)
(95,3)
(96,0)
(97,0)
(98,0)
(99,0)
(100,0)

log complete
time: 0.10829734802246094
_______________________________________________________________
key: #0 - binom mean
     #1 - binom var factor
     #2 - drivers
     #3 - terminals
     #4 - epsilon
began at time 2024-11-08 10:30:54.115565
i.v: #3 from 1 to 100 adding with step of 1
c.v: [1, 4, 100, 0.4]
data:
(1,0)
(2,0)
(3,0)
(4,0)
(5,0)
(6,0)
(7,0)
(8,0)
(9,0)
(10,0)
(11,0)
(12,0)
(13,0)
(14,0)
(15,0)
(16,0)
(17,0)
(18,0)
(19,1)
(20,1)
(21,1)
(22,2)
(23,2)
(24,2)
(25,3)
(26,3)
(27,4)
(28,4)
(29,5)
(30,6)
(31,6)
(32,7)
(33,8)
(34,8)
(35,9)
(36,10)
(37,11)
(38,11)
(39,12)
(40,13)
(41,14)
(42,15)
(43,16)
(44,17)
(45,18)
(46,19)
(47,19)
(48,20)
(49,21)
(50,22)
(51,23)
(52,24)
(53,25)
(54,27)
(55,28)
(56,29)
(57,30)
(58,31)
(59,32)
(60,33)
(61,34)
(62,35)
(63,36)
(64,37)
(65,39)
(66,40)
(67,41)
(68,42)
(69,43)
(70,44)
(71,46)
(72,47)
(73,48)
(74,49)
(75,50)
(76,51)
(77,53)
(78,54)
(79,55)
(80,56)
(81,58)
(82,59)
(83,60)
(84,61)
(85,56)(85,62)
(86,45)
(87,39)
(88,34)
(89,30)
(90,26)
(91,23)
(92,19)
(93,16)
(94,13)
(95,10)
(96,7)
(97,4)
(98,1)
(99,0)
(100,0)

log complete
time: 0.1445612907409668
_______________________________________________________________
key: #0 - binom mean
     #1 - binom var factor
     #2 - drivers
     #3 - terminals
     #4 - epsilon
began at time 2024-11-08 10:30:54.260126
i.v: #3 from 1 to 100 adding with step of 1
c.v: [1, 5, 100, 0.4]
data:
(1,0)
(2,0)
(3,0)
(4,0)
(5,0)
(6,0)
(7,0)
(8,0)
(9,0)
(10,0)
(11,0)
(12,0)
(13,0)
(14,0)
(15,0)
(16,0)
(17,0)
(18,0)
(19,1)
(20,1)
(21,1)
(22,2)
(23,2)
(24,3)
(25,3)
(26,4)
(27,4)
(28,5)
(29,5)
(30,6)
(31,7)
(32,7)
(33,8)
(34,9)
(35,10)
(36,10)
(37,11)
(38,12)
(39,13)
(40,14)
(41,15)
(42,16)
(43,16)
(44,17)
(45,18)
(46,19)
(47,20)
(48,21)
(49,22)
(50,23)
(51,24)
(52,25)
(53,26)
(54,28)
(55,29)
(56,30)
(57,31)
(58,32)
(59,33)
(60,34)
(61,35)
(62,36)
(63,38)
(64,39)
(65,40)
(66,41)
(67,42)
(68,43)
(69,45)
(70,46)
(71,47)
(72,48)
(73,49)
(74,51)
(75,52)
(76,53)
(77,54)
(78,56)
(79,57)
(80,58)
(81,59)
(82,61)
(83,62)
(84,63)
(85,64)
(86,65)
(87,47)
(88,41)
(89,36)
(90,32)
(91,28)
(92,24)
(93,21)
(94,18)
(95,15)
(96,12)
(97,9)
(98,6)
(99,3)
(100,0)

log complete
time: 0.159348726272583
_______________________________________________________________
key: #0 - binom mean
     #1 - binom var factor
     #2 - drivers
     #3 - terminals
     #4 - epsilon
began at time 2024-11-08 10:30:54.419475
i.v: #3 from 1 to 100 adding with step of 1
c.v: [1, 6, 100, 0.4]
data:
(1,0)
(2,0)
(3,0)
(4,0)
(5,0)
(6,0)
(7,0)
(8,0)
(9,0)
(10,0)
(11,0)
(12,0)
(13,0)
(14,0)
(15,0)
(16,0)
(17,0)
(18,0)
(19,1)
(20,1)
(21,1)
(22,2)
(23,2)
(24,3)
(25,3)
(26,4)
(27,4)
(28,5)
(29,5)
(30,6)
(31,7)
(32,8)
(33,8)
(34,9)
(35,10)
(36,11)
(37,12)
(38,12)
(39,13)
(40,14)
(41,15)
(42,16)
(43,17)
(44,18)
(45,19)
(46,20)
(47,21)
(48,22)
(49,23)
(50,24)
(51,25)
(52,26)
(53,27)
(54,28)
(55,29)
(56,30)
(57,32)
(58,33)
(59,34)
(60,35)
(61,36)
(62,37)
(63,38)
(64,40)
(65,41)
(66,42)
(67,43)
(68,44)
(69,46)
(70,47)
(71,48)
(72,49)
(73,50)
(74,52)
(75,53)
(76,54)
(77,55)
(78,57)
(79,58)
(80,59)
(81,60)
(82,62)
(83,63)
(84,64)
(85,65)
(86,67)
(87,58)(87,68)
(88,47)
(89,41)
(90,36)
(91,32)
(92,28)
(93,24)
(94,21)
(95,18)
(96,15)
(97,12)
(98,9)
(99,6)
(100,3)

log complete
time: 0.19255614280700684
_______________________________________________________________
key: #0 - binom mean
     #1 - binom var factor
     #2 - drivers
     #3 - terminals
     #4 - epsilon
began at time 2024-11-08 10:30:54.612032
i.v: #3 from 1 to 100 adding with step of 1
c.v: [1, 7, 100, 0.4]
data:
(1,0)
(2,0)
(3,0)
(4,0)
(5,0)
(6,0)
(7,0)
(8,0)
(9,0)
(10,0)
(11,0)
(12,0)
(13,0)
(14,0)
(15,0)
(16,0)
(17,0)
(18,0)
(19,1)
(20,1)
(21,1)
(22,2)
(23,2)
(24,3)
(25,3)
(26,4)
(27,4)
(28,5)
(29,6)
(30,6)
(31,7)
(32,8)
(33,9)
(34,9)
(35,10)
(36,11)
(37,12)
(38,13)
(39,14)
(40,14)
(41,15)
(42,16)
(43,17)
(44,18)
(45,19)
(46,20)
(47,21)
(48,22)
(49,23)
(50,24)
(51,25)
(52,27)
(53,28)
(54,29)
(55,30)
(56,31)
(57,32)
(58,33)
(59,34)
(60,36)
(61,37)
(62,38)
(63,39)
(64,40)
(65,41)
(66,43)
(67,44)
(68,45)
(69,46)
(70,47)
(71,49)
(72,50)
(73,51)
(74,52)
(75,54)
(76,55)
(77,56)
(78,57)
(79,59)
(80,60)
(81,61)
(82,62)
(83,64)
(84,65)
(85,66)
(86,68)
(87,69)
(88,52)(88,70)
(89,44)
(90,39)
(91,34)
(92,30)
(93,27)
(94,23)
(95,20)
(96,17)
(97,14)
(98,11)
(99,8)
(100,5)

log complete
time: 0.22996020317077637
_______________________________________________________________
key: #0 - binom mean
     #1 - binom var factor
     #2 - drivers
     #3 - terminals
     #4 - epsilon
began at time 2024-11-08 10:30:54.842992
i.v: #3 from 1 to 100 adding with step of 1
c.v: [1, 8, 100, 0.4]
data:
(1,0)
(2,0)
(3,0)
(4,0)
(5,0)
(6,0)
(7,0)
(8,0)
(9,0)
(10,0)
(11,0)
(12,0)
(13,0)
(14,0)
(15,0)
(16,0)
(17,0)
(18,1)
(19,1)
(20,1)
(21,1)
(22,2)
(23,2)
(24,3)
(25,3)
(26,4)
(27,5)
(28,5)
(29,6)
(30,6)
(31,7)
(32,8)
(33,9)
(34,9)
(35,10)
(36,11)
(37,12)
(38,13)
(39,14)
(40,15)
(41,16)
(42,17)
(43,18)
(44,18)
(45,19)
(46,21)
(47,22)
(48,23)
(49,24)
(50,25)
(51,26)
(52,27)
(53,28)
(54,29)
(55,30)
(56,31)
(57,32)
(58,34)
(59,35)
(60,36)
(61,37)
(62,38)
(63,39)
(64,41)
(65,42)
(66,43)
(67,44)
(68,45)
(69,47)
(70,48)
(71,49)
(72,50)
(73,52)
(74,53)
(75,54)
(76,55)
(77,57)
(78,58)
(79,59)
(80,61)
(81,62)
(82,63)
(83,64)
(84,66)
(85,67)
(86,68)
(87,70)
(88,58)(88,71)
(89,47)
(90,41)
(91,37)
(92,32)
(93,29)
(94,25)
(95,22)
(96,18)
(97,15)
(98,12)
(99,9)
(100,7)

log complete
time: 0.26843714714050293
_______________________________________________________________
key: #0 - binom mean
     #1 - binom var factor
     #2 - drivers
     #3 - terminals
     #4 - epsilon
began at time 2024-11-08 10:30:55.112429
i.v: #3 from 1 to 100 adding with step of 1
c.v: [1, 9, 100, 0.4]
data:
(1,0)
(2,0)
(3,0)
(4,0)
(5,0)
(6,0)
(7,0)
(8,0)
(9,0)
(10,0)
(11,0)
(12,0)
(13,0)
(14,0)
(15,0)
(16,0)
(17,0)
(18,1)
(19,1)
(20,1)
(21,2)
(22,2)
(23,2)
(24,3)
(25,3)
(26,4)
(27,5)
(28,5)
(29,6)
(30,7)
(31,7)
(32,8)
(33,9)
(34,10)
(35,10)
(36,11)
(37,12)
(38,13)
(39,14)
(40,15)
(41,16)
(42,17)
(43,18)
(44,19)
(45,20)
(46,21)
(47,22)
(48,23)
(49,24)
(50,25)
(51,26)
(52,27)
(53,28)
(54,29)
(55,30)
(56,32)
(57,33)
(58,34)
(59,35)
(60,36)
(61,37)
(62,39)
(63,40)
(64,41)
(65,42)
(66,43)
(67,45)
(68,46)
(69,47)
(70,48)
(71,50)
(72,51)
(73,52)
(74,53)
(75,55)
(76,56)
(77,57)
(78,58)
(79,60)
(80,61)
(81,62)
(82,64)
(83,65)
(84,66)
(85,67)
(86,69)
(87,70)
(88,71)
(89,50)
(90,43)
(91,38)
(92,34)
(93,30)
(94,26)
(95,23)
(96,20)
(97,17)
(98,14)
(99,11)
(100,8)

log complete
time: 0.32982468605041504
_______________________________________________________________
key: #0 - binom mean
     #1 - binom var factor
     #2 - drivers
     #3 - terminals
     #4 - epsilon
began at time 2024-11-08 10:30:55.443254
i.v: #3 from 1 to 100 adding with step of 1
c.v: [1, 10, 100, 0.4]
data:
(1,0)
(2,0)
(3,0)
(4,0)
(5,0)
(6,0)
(7,0)
(8,0)
(9,0)
(10,0)
(11,0)
(12,0)
(13,0)
(14,0)
(15,0)
(16,0)
(17,0)
(18,1)
(19,1)
(20,1)
(21,2)
(22,2)
(23,2)
(24,3)
(25,3)
(26,4)
(27,5)
(28,5)
(29,6)
(30,7)
(31,7)
(32,8)
(33,9)
(34,10)
(35,11)
(36,11)
(37,12)
(38,13)
(39,14)
(40,15)
(41,16)
(42,17)
(43,18)
(44,19)
(45,20)
(46,21)
(47,22)
(48,23)
(49,24)
(50,25)
(51,26)
(52,27)
(53,28)
(54,30)
(55,31)
(56,32)
(57,33)
(58,34)
(59,35)
(60,37)
(61,38)
(62,39)
(63,40)
(64,41)
(65,42)
(66,44)
(67,45)
(68,46)
(69,47)
(70,49)
(71,50)
(72,51)
(73,52)
(74,54)
(75,55)
(76,56)
(77,57)
(78,59)
(79,60)
(80,61)
(81,63)
(82,64)
(83,65)
(84,67)
(85,68)
(86,69)
(87,70)
(88,72)
(89,52)(89,73)
(90,45)
(91,40)
(92,35)
(93,31)
(94,28)
(95,24)
(96,21)
(97,18)
(98,15)
(99,12)
(100,9)

log complete
time: 0.3735010623931885
_______________________________________________________________
key: #0 - binom mean
     #1 - binom var factor
     #2 - drivers
     #3 - terminals
     #4 - epsilon
began at time 2024-11-08 10:30:55.817754
i.v: #3 from 1 to 100 adding with step of 1
c.v: [1, 100, 100, 0.4]
data:
(1,0)
(2,0)
(3,0)
(4,0)
(5,0)
(6,0)
(7,0)
(8,0)
(9,0)
(10,0)
(11,0)
(12,0)
(13,0)
(14,0)
(15,0)
(16,0)
(17,0)
(18,1)
(19,1)
(20,1)
(21,2)
(22,2)
(23,3)
(24,3)
(25,4)
(26,5)
(27,5)
(28,6)
(29,7)
(30,7)
(31,8)
(32,9)
(33,10)
(34,11)
(35,11)
(36,12)
(37,13)
(38,14)
(39,15)
(40,16)
(41,17)
(42,18)
(43,19)
(44,20)
(45,21)
(46,22)
(47,23)
(48,25)
(49,26)
(50,27)
(51,28)
(52,29)
(53,30)
(54,31)
(55,33)
(56,34)
(57,35)
(58,36)
(59,37)
(60,39)
(61,40)
(62,41)
(63,42)
(64,44)
(65,45)
(66,46)
(67,47)
(68,49)
(69,50)
(70,51)
(71,52)
(72,54)
(73,55)
(74,56)
(75,58)
(76,59)
(77,60)
(78,62)
(79,63)
(80,64)
(81,66)
(82,67)
(83,68)
(84,70)
(85,71)
(86,72)
(87,74)
(88,75)
(89,76)
(90,78)
(91,53)(91,79)
(92,47)(92,80)
(93,41)
(94,37)
(95,33)
(96,29)
(97,26)
(98,23)
(99,19)
(100,16)

log complete
time: 1.695408821105957
_______________________________________________________________
key: #0 - binom mean
     #1 - binom var factor
     #2 - drivers
     #3 - terminals
     #4 - epsilon
began at time 2024-11-08 10:30:57.514266
i.v: #3 from 1 to 100 adding with step of 1
c.v: [1, 1000, 100, 0.4]
data:
(1,0)
(2,0)
(3,0)
(4,0)
(5,0)
(6,0)
(7,0)
(8,0)
(9,0)
(10,0)
(11,0)
(12,0)
(13,0)
(14,0)
(15,0)
(16,0)
(17,0)
(18,1)
(19,1)
(20,1)
(21,2)
(22,2)
(23,3)
(24,3)
(25,4)
(26,5)
(27,5)
(28,6)
(29,7)
(30,7)
(31,8)
(32,9)
(33,10)
(34,11)
(35,12)
(36,12)
(37,13)
(38,14)
(39,15)
(40,16)
(41,17)
(42,18)
(43,19)
(44,20)
(45,21)
(46,23)
(47,24)
(48,25)
(49,26)
(50,27)
(51,28)
(52,29)
(53,30)
(54,32)
(55,33)
(56,34)
(57,35)
(58,36)
(59,38)
(60,39)
(61,40)
(62,41)
(63,43)
(64,44)
(65,45)
(66,46)
(67,48)
(68,49)
(69,50)
(70,51)
(71,53)
(72,54)
(73,55)
(74,57)
(75,58)
(76,59)
(77,61)
(78,62)
(79,63)
(80,65)
(81,66)
(82,67)
(83,69)
(84,70)
(85,71)
(86,73)
(87,74)
(88,75)
(89,77)
(90,78)
(91,55)(91,79)
(92,48)(92,81)
(93,42)
(94,38)
(95,34)
(96,30)
(97,27)
(98,23)
(99,20)
(100,17)

log complete
time: 2.2165026664733887
_______________________________________________________________
key: #0 - binom mean
     #1 - binom var factor
     #2 - drivers
     #3 - terminals
     #4 - epsilon
began at time 2025-01-17 22:31:44.544033
i.v: #3 from 1 to 100 adding with step of 1
c.v: [1, 1, 100, 0.4]
data:
(1,0)
(2,0)
(3,0)
(4,0)
(5,0)
(6,0)
(7,0)
(8,0)
(9,0)
(10,0)
(11,0)
(12,0)
(13,0)
(14,0)
(15,0)
(16,0)
(17,0)
(18,0)
(19,0)
(20,0)
(21,0)
(22,0)
(23,0)
(24,0)
(25,1)
(26,1)
(27,1)
(28,1)
(29,1)
(30,2)
(31,2)
(32,2)
(33,3)
(34,3)
(35,3)
(36,4)
(37,4)
(38,4)
(39,5)
(40,5)
(41,6)
(42,6)
(43,7)
(44,7)
(45,8)
(46,8)
(47,9)
(48,9)
(49,10)
(50,10)
(51,11)
(52,11)
(53,12)
(54,12)
(55,13)
(56,14)
(57,14)
(58,15)
(59,15)
(60,16)
(61,17)
(62,17)
(63,18)
(64,18)
(65,19)
(66,20)
(67,20)
(68,21)
(69,22)
(70,19)
(71,16)
(72,13)
(73,10)
(74,7)
(75,4)
(76,1)
(77,0)
(78,0)
(79,0)
(80,0)
(81,0)
(82,0)
(83,0)
(84,0)
(85,0)
(86,0)
(87,0)
(88,0)
(89,0)
(90,0)
(91,0)
(92,0)
(93,0)
(94,0)
(95,0)
(96,0)
(97,0)
(98,0)
(99,0)
(100,0)

log complete
time: 0.0946044921875
_______________________________________________________________
key: #0 - binom mean
     #1 - binom var factor
     #2 - drivers
     #3 - terminals
     #4 - epsilon
began at time 2025-01-17 22:31:44.639629
i.v: #3 from 1 to 100 adding with step of 1
c.v: [1, 2, 100, 0.4]
data:
(1,0)
(2,0)
(3,0)
(4,0)
(5,0)
(6,0)
(7,0)
(8,0)
(9,0)
(10,0)
(11,0)
(12,0)
(13,0)
(14,0)
(15,0)
(16,0)
(17,0)
(18,0)
(19,0)
(20,0)
(21,1)
(22,1)
(23,1)
(24,1)
(25,2)
(26,2)
(27,3)
(28,3)
(29,3)
(30,4)
(31,4)
(32,5)
(33,6)
(34,6)
(35,7)
(36,7)
(37,8)
(38,9)
(39,9)
(40,10)
(41,11)
(42,12)
(43,12)
(44,13)
(45,14)
(46,15)
(47,15)
(48,16)
(49,17)
(50,18)
(51,19)
(52,20)
(53,21)
(54,21)
(55,22)
(56,23)
(57,24)
(58,25)
(59,26)
(60,27)
(61,28)
(62,29)
(63,30)
(64,31)
(65,32)
(66,33)
(67,34)
(68,35)
(69,36)
(70,37)
(71,38)
(72,39)
(73,40)
(74,41)
(75,42)
(76,43)
(77,44)
(78,45)
(79,42)
(80,37)
(81,32)
(82,28)
(83,24)
(84,20)
(85,17)
(86,14)
(87,11)
(88,8)
(89,5)
(90,2)
(91,0)
(92,0)
(93,0)
(94,0)
(95,0)
(96,0)
(97,0)
(98,0)
(99,0)
(100,0)

log complete
time: 0.12993693351745605
_______________________________________________________________
key: #0 - binom mean
     #1 - binom var factor
     #2 - drivers
     #3 - terminals
     #4 - epsilon
began at time 2025-01-17 22:31:44.770567
i.v: #3 from 1 to 100 adding with step of 1
c.v: [1, 3, 100, 0.4]
data:
(1,0)
(2,0)
(3,0)
(4,0)
(5,0)
(6,0)
(7,0)
(8,0)
(9,0)
(10,0)
(11,0)
(12,0)
(13,0)
(14,0)
(15,0)
(16,0)
(17,0)
(18,0)
(19,0)
(20,1)
(21,1)
(22,1)
(23,2)
(24,2)
(25,2)
(26,3)
(27,3)
(28,4)
(29,4)
(30,5)
(31,6)
(32,6)
(33,7)
(34,8)
(35,8)
(36,9)
(37,10)
(38,10)
(39,11)
(40,12)
(41,13)
(42,14)
(43,15)
(44,15)
(45,16)
(46,17)
(47,18)
(48,19)
(49,20)
(50,21)
(51,22)
(52,23)
(53,24)
(54,25)
(55,26)
(56,27)
(57,28)
(58,29)
(59,30)
(60,31)
(61,32)
(62,33)
(63,34)
(64,35)
(65,36)
(66,38)
(67,39)
(68,40)
(69,41)
(70,42)
(71,43)
(72,44)
(73,45)
(74,47)
(75,48)
(76,49)
(77,50)
(78,51)
(79,52)
(80,53)
(81,55)
(82,56)
(83,51)
(84,42)
(85,37)
(86,32)
(87,28)
(88,24)
(89,21)
(90,18)
(91,14)
(92,11)
(93,8)
(94,5)
(95,3)
(96,0)
(97,0)
(98,0)
(99,0)
(100,0)

log complete
time: 0.11525154113769531
_______________________________________________________________
key: #0 - binom mean
     #1 - binom var factor
     #2 - drivers
     #3 - terminals
     #4 - epsilon
began at time 2025-01-17 22:31:44.886817
i.v: #3 from 1 to 100 adding with step of 1
c.v: [1, 4, 100, 0.4]
data:
(1,0)
(2,0)
(3,0)
(4,0)
(5,0)
(6,0)
(7,0)
(8,0)
(9,0)
(10,0)
(11,0)
(12,0)
(13,0)
(14,0)
(15,0)
(16,0)
(17,0)
(18,0)
(19,1)
(20,1)
(21,1)
(22,2)
(23,2)
(24,2)
(25,3)
(26,3)
(27,4)
(28,4)
(29,5)
(30,6)
(31,6)
(32,7)
(33,8)
(34,8)
(35,9)
(36,10)
(37,11)
(38,11)
(39,12)
(40,13)
(41,14)
(42,15)
(43,16)
(44,17)
(45,18)
(46,19)
(47,19)
(48,20)
(49,21)
(50,22)
(51,23)
(52,24)
(53,25)
(54,27)
(55,28)
(56,29)
(57,30)
(58,31)
(59,32)
(60,33)
(61,34)
(62,35)
(63,36)
(64,37)
(65,39)
(66,40)
(67,41)
(68,42)
(69,43)
(70,44)
(71,46)
(72,47)
(73,48)
(74,49)
(75,50)
(76,51)
(77,53)
(78,54)
(79,55)
(80,56)
(81,58)
(82,59)
(83,60)
(84,61)
(85,56)(85,62)
(86,45)
(87,39)
(88,34)
(89,30)
(90,26)
(91,23)
(92,19)
(93,16)
(94,13)
(95,10)
(96,7)
(97,4)
(98,1)
(99,0)
(100,0)

log complete
time: 0.1581864356994629
_______________________________________________________________
key: #0 - binom mean
     #1 - binom var factor
     #2 - drivers
     #3 - terminals
     #4 - epsilon
began at time 2025-01-17 22:31:45.045917
i.v: #3 from 1 to 100 adding with step of 1
c.v: [1, 5, 100, 0.4]
data:
(1,0)
(2,0)
(3,0)
(4,0)
(5,0)
(6,0)
(7,0)
(8,0)
(9,0)
(10,0)
(11,0)
(12,0)
(13,0)
(14,0)
(15,0)
(16,0)
(17,0)
(18,0)
(19,1)
(20,1)
(21,1)
(22,2)
(23,2)
(24,3)
(25,3)
(26,4)
(27,4)
(28,5)
(29,5)
(30,6)
(31,7)
(32,7)
(33,8)
(34,9)
(35,10)
(36,10)
(37,11)
(38,12)
(39,13)
(40,14)
(41,15)
(42,16)
(43,16)
(44,17)
(45,18)
(46,19)
(47,20)
(48,21)
(49,22)
(50,23)
(51,24)
(52,25)
(53,26)
(54,28)
(55,29)
(56,30)
(57,31)
(58,32)
(59,33)
(60,34)
(61,35)
(62,36)
(63,38)
(64,39)
(65,40)
(66,41)
(67,42)
(68,43)
(69,45)
(70,46)
(71,47)
(72,48)
(73,49)
(74,51)
(75,52)
(76,53)
(77,54)
(78,56)
(79,57)
(80,58)
(81,59)
(82,61)
(83,62)
(84,63)
(85,64)
(86,65)
(87,47)
(88,41)
(89,36)
(90,32)
(91,28)
(92,24)
(93,21)
(94,18)
(95,15)
(96,12)
(97,9)
(98,6)
(99,3)
(100,0)

log complete
time: 0.18040990829467773
_______________________________________________________________
key: #0 - binom mean
     #1 - binom var factor
     #2 - drivers
     #3 - terminals
     #4 - epsilon
began at time 2025-01-17 22:31:45.226327
i.v: #3 from 1 to 100 adding with step of 1
c.v: [1, 6, 100, 0.4]
data:
(1,0)
(2,0)
(3,0)
(4,0)
(5,0)
(6,0)
(7,0)
(8,0)
(9,0)
(10,0)
(11,0)
(12,0)
(13,0)
(14,0)
(15,0)
(16,0)
(17,0)
(18,0)
(19,1)
(20,1)
(21,1)
(22,2)
(23,2)
(24,3)
(25,3)
(26,4)
(27,4)
(28,5)
(29,5)
(30,6)
(31,7)
(32,8)
(33,8)
(34,9)
(35,10)
(36,11)
(37,12)
(38,12)
(39,13)
(40,14)
(41,15)
(42,16)
(43,17)
(44,18)
(45,19)
(46,20)
(47,21)
(48,22)
(49,23)
(50,24)
(51,25)
(52,26)
(53,27)
(54,28)
(55,29)
(56,30)
(57,32)
(58,33)
(59,34)
(60,35)
(61,36)
(62,37)
(63,38)
(64,40)
(65,41)
(66,42)
(67,43)
(68,44)
(69,46)
(70,47)
(71,48)
(72,49)
(73,50)
(74,52)
(75,53)
(76,54)
(77,55)
(78,57)
(79,58)
(80,59)
(81,60)
(82,62)
(83,63)
(84,64)
(85,65)
(86,67)
(87,58)(87,68)
(88,47)
(89,41)
(90,36)
(91,32)
(92,28)
(93,24)
(94,21)
(95,18)
(96,15)
(97,12)
(98,9)
(99,6)
(100,3)

log complete
time: 0.2170734405517578
_______________________________________________________________
key: #0 - binom mean
     #1 - binom var factor
     #2 - drivers
     #3 - terminals
     #4 - epsilon
began at time 2025-01-17 22:31:45.443401
i.v: #3 from 1 to 100 adding with step of 1
c.v: [1, 7, 100, 0.4]
data:
(1,0)
(2,0)
(3,0)
(4,0)
(5,0)
(6,0)
(7,0)
(8,0)
(9,0)
(10,0)
(11,0)
(12,0)
(13,0)
(14,0)
(15,0)
(16,0)
(17,0)
(18,0)
(19,1)
(20,1)
(21,1)
(22,2)
(23,2)
(24,3)
(25,3)
(26,4)
(27,4)
(28,5)
(29,6)
(30,6)
(31,7)
(32,8)
(33,9)
(34,9)
(35,10)
(36,11)
(37,12)
(38,13)
(39,14)
(40,14)
(41,15)
(42,16)
(43,17)
(44,18)
(45,19)
(46,20)
(47,21)
(48,22)
(49,23)
(50,24)
(51,25)
(52,27)
(53,28)
(54,29)
(55,30)
(56,31)
(57,32)
(58,33)
(59,34)
(60,36)
(61,37)
(62,38)
(63,39)
(64,40)
(65,41)
(66,43)
(67,44)
(68,45)
(69,46)
(70,47)
(71,49)
(72,50)
(73,51)
(74,52)
(75,54)
(76,55)
(77,56)
(78,57)
(79,59)
(80,60)
(81,61)
(82,62)
(83,64)
(84,65)
(85,66)
(86,68)
(87,69)
(88,52)(88,70)
(89,44)
(90,39)
(91,34)
(92,30)
(93,27)
(94,23)
(95,20)
(96,17)
(97,14)
(98,11)
(99,8)
(100,5)

log complete
time: 0.25716495513916016
_______________________________________________________________
key: #0 - binom mean
     #1 - binom var factor
     #2 - drivers
     #3 - terminals
     #4 - epsilon
began at time 2025-01-17 22:31:45.700565
i.v: #3 from 1 to 100 adding with step of 1
c.v: [1, 8, 100, 0.4]
data:
(1,0)
(2,0)
(3,0)
(4,0)
(5,0)
(6,0)
(7,0)
(8,0)
(9,0)
(10,0)
(11,0)
(12,0)
(13,0)
(14,0)
(15,0)
(16,0)
(17,0)
(18,1)
(19,1)
(20,1)
(21,1)
(22,2)
(23,2)
(24,3)
(25,3)
(26,4)
(27,5)
(28,5)
(29,6)
(30,6)
(31,7)
(32,8)
(33,9)
(34,9)
(35,10)
(36,11)
(37,12)
(38,13)
(39,14)
(40,15)
(41,16)
(42,17)
(43,18)
(44,18)
(45,19)
(46,21)
(47,22)
(48,23)
(49,24)
(50,25)
(51,26)
(52,27)
(53,28)
(54,29)
(55,30)
(56,31)
(57,32)
(58,34)
(59,35)
(60,36)
(61,37)
(62,38)
(63,39)
(64,41)
(65,42)
(66,43)
(67,44)
(68,45)
(69,47)
(70,48)
(71,49)
(72,50)
(73,52)
(74,53)
(75,54)
(76,55)
(77,57)
(78,58)
(79,59)
(80,61)
(81,62)
(82,63)
(83,64)
(84,66)
(85,67)
(86,68)
(87,70)
(88,58)(88,71)
(89,47)
(90,41)
(91,37)
(92,32)
(93,29)
(94,25)
(95,22)
(96,18)
(97,15)
(98,12)
(99,9)
(100,7)

log complete
time: 0.2908823490142822
_______________________________________________________________
key: #0 - binom mean
     #1 - binom var factor
     #2 - drivers
     #3 - terminals
     #4 - epsilon
began at time 2025-01-17 22:31:45.992441
i.v: #3 from 1 to 100 adding with step of 1
c.v: [1, 9, 100, 0.4]
data:
(1,0)
(2,0)
(3,0)
(4,0)
(5,0)
(6,0)
(7,0)
(8,0)
(9,0)
(10,0)
(11,0)
(12,0)
(13,0)
(14,0)
(15,0)
(16,0)
(17,0)
(18,1)
(19,1)
(20,1)
(21,2)
(22,2)
(23,2)
(24,3)
(25,3)
(26,4)
(27,5)
(28,5)
(29,6)
(30,7)
(31,7)
(32,8)
(33,9)
(34,10)
(35,10)
(36,11)
(37,12)
(38,13)
(39,14)
(40,15)
(41,16)
(42,17)
(43,18)
(44,19)
(45,20)
(46,21)
(47,22)
(48,23)
(49,24)
(50,25)
(51,26)
(52,27)
(53,28)
(54,29)
(55,30)
(56,32)
(57,33)
(58,34)
(59,35)
(60,36)
(61,37)
(62,39)
(63,40)
(64,41)
(65,42)
(66,43)
(67,45)
(68,46)
(69,47)
(70,48)
(71,50)
(72,51)
(73,52)
(74,53)
(75,55)
(76,56)
(77,57)
(78,58)
(79,60)
(80,61)
(81,62)
(82,64)
(83,65)
(84,66)
(85,67)
(86,69)
(87,70)
(88,71)
(89,50)
(90,43)
(91,38)
(92,34)
(93,30)
(94,26)
(95,23)
(96,20)
(97,17)
(98,14)
(99,11)
(100,8)

log complete
time: 0.35425543785095215
_______________________________________________________________
key: #0 - binom mean
     #1 - binom var factor
     #2 - drivers
     #3 - terminals
     #4 - epsilon
began at time 2025-01-17 22:31:46.347685
i.v: #3 from 1 to 100 adding with step of 1
c.v: [1, 10, 100, 0.4]
data:
(1,0)
(2,0)
(3,0)
(4,0)
(5,0)
(6,0)
(7,0)
(8,0)
(9,0)
(10,0)
(11,0)
(12,0)
(13,0)
(14,0)
(15,0)
(16,0)
(17,0)
(18,1)
(19,1)
(20,1)
(21,2)
(22,2)
(23,2)
(24,3)
(25,3)
(26,4)
(27,5)
(28,5)
(29,6)
(30,7)
(31,7)
(32,8)
(33,9)
(34,10)
(35,11)
(36,11)
(37,12)
(38,13)
(39,14)
(40,15)
(41,16)
(42,17)
(43,18)
(44,19)
(45,20)
(46,21)
(47,22)
(48,23)
(49,24)
(50,25)
(51,26)
(52,27)
(53,28)
(54,30)
(55,31)
(56,32)
(57,33)
(58,34)
(59,35)
(60,37)
(61,38)
(62,39)
(63,40)
(64,41)
(65,42)
(66,44)
(67,45)
(68,46)
(69,47)
(70,49)
(71,50)
(72,51)
(73,52)
(74,54)
(75,55)
(76,56)
(77,57)
(78,59)
(79,60)
(80,61)
(81,63)
(82,64)
(83,65)
(84,67)
(85,68)
(86,69)
(87,70)
(88,72)
(89,52)(89,73)
(90,45)
(91,40)
(92,35)
(93,31)
(94,28)
(95,24)
(96,21)
(97,18)
(98,15)
(99,12)
(100,9)

log complete
time: 0.3900635242462158
_______________________________________________________________
key: #0 - binom mean
     #1 - binom var factor
     #2 - drivers
     #3 - terminals
     #4 - epsilon
began at time 2025-01-17 22:31:46.738748
i.v: #3 from 1 to 100 adding with step of 1
c.v: [1, 100, 100, 0.4]
data:
(1,0)
(2,0)
(3,0)
(4,0)
(5,0)
(6,0)
(7,0)
(8,0)
(9,0)
(10,0)
(11,0)
(12,0)
(13,0)
(14,0)
(15,0)
(16,0)
(17,0)
(18,1)
(19,1)
(20,1)
(21,2)
(22,2)
(23,3)
(24,3)
(25,4)
(26,5)
(27,5)
(28,6)
(29,7)
(30,7)
(31,8)
(32,9)
(33,10)
(34,11)
(35,11)
(36,12)
(37,13)
(38,14)
(39,15)
(40,16)
(41,17)
(42,18)
(43,19)
(44,20)
(45,21)
(46,22)
(47,23)
(48,25)
(49,26)
(50,27)
(51,28)
(52,29)
(53,30)
(54,31)
(55,33)
(56,34)
(57,35)
(58,36)
(59,37)
(60,39)
(61,40)
(62,41)
(63,42)
(64,44)
(65,45)
(66,46)
(67,47)
(68,49)
(69,50)
(70,51)
(71,52)
(72,54)
(73,55)
(74,56)
(75,58)
(76,59)
(77,60)
(78,62)
(79,63)
(80,64)
(81,66)
(82,67)
(83,68)
(84,70)
(85,71)
(86,72)
(87,74)
(88,75)
(89,76)
(90,78)
(91,53)(91,79)
(92,47)(92,80)
(93,41)
(94,37)
(95,33)
(96,29)
(97,26)
(98,23)
(99,19)
(100,16)

log complete
time: 1.7899219989776611
_______________________________________________________________
key: #0 - binom mean
     #1 - binom var factor
     #2 - drivers
     #3 - terminals
     #4 - epsilon
began at time 2025-01-17 22:31:48.528671
i.v: #3 from 1 to 100 adding with step of 1
c.v: [1, 1000, 100, 0.4]
data:
(1,0)
(2,0)
(3,0)
(4,0)
(5,0)
(6,0)
(7,0)
(8,0)
(9,0)
(10,0)
(11,0)
(12,0)
(13,0)
(14,0)
(15,0)
(16,0)
(17,0)
(18,1)
(19,1)
(20,1)
(21,2)
(22,2)
(23,3)
(24,3)
(25,4)
(26,5)
(27,5)
(28,6)
(29,7)
(30,7)
(31,8)
(32,9)
(33,10)
(34,11)
(35,12)
(36,12)
(37,13)
(38,14)
(39,15)
(40,16)
(41,17)
(42,18)
(43,19)
(44,20)
(45,21)
(46,23)
(47,24)
(48,25)
(49,26)
(50,27)
(51,28)
(52,29)
(53,30)
(54,32)
(55,33)
(56,34)
(57,35)
(58,36)
(59,38)
(60,39)
(61,40)
(62,41)
(63,43)
(64,44)
(65,45)
(66,46)
(67,48)
(68,49)
(69,50)
(70,51)
(71,53)
(72,54)
(73,55)
(74,57)
(75,58)
(76,59)
(77,61)
(78,62)
(79,63)
(80,65)
(81,66)
(82,67)
(83,69)
(84,70)
(85,71)
(86,73)
(87,74)
(88,75)
(89,77)
(90,78)
(91,55)(91,79)
(92,48)(92,81)
(93,42)
(94,38)
(95,34)
(96,30)
(97,27)
(98,23)
(99,20)
(100,17)

log complete
time: 2.303276538848877
_______________________________________________________________
