key: #0 - binom mean
     #1 - binom var factor
     #2 - drivers
     #3 - terminals
     #4 - epsilon
began at time 2024-09-22 11:34:55.930253
i.v: #3 from 1 to 99 adding with step of 1
c.v: [1, 1, 100, 0] run over 5000 trials
data:
(1,0)
(2,0)
(3,0)
(4,0)
(5,0)
(6,0)
(7,0)
(8,0)
(9,0)
(10,0)
(11,0)
(12,0)
(13,0)
(14,0)
(15,0)
(16,0)
(17,0)
(18,0)
(19,0)
(20,0)
(21,0)
(22,0)
(23,0)
(24,0)
(25,0)
(26,0)
(27,0)
(28,0)
(29,0)
(30,0)
(31,0)
(32,0)
(33,0)
(34,0)
(35,0)
(36,0)
(37,0)
(38,0)
(39,0)
(40,0)
(41,0)
(42,0)
(43,0)
(44,0)
(45,0)
(46,0)
(47,0)
(48,0)
(49,0)
(50,0)
(51,0)
(52,0)
(53,0)
(54,0)
(55,0)
(56,0)
(57,0)
(58,0)
(59,0)
(60,0)
(61,0)
(62,0)
(63,0)
(64,0)
(65,0)
(66,0)
(67,0)
(68,0)
(69,0)
(70,0)
(71,0)
(72,0)
(73,0)
(74,0)
(75,0)
(76,0)
(77,0)
(78,0)
(79,0)
(80,0)
(81,0)
(82,0)
(83,0)
(84,0)
(85,0)
(86,0)
(87,0)
(88,0)
(89,0)
(90,0)
(91,0)
(92,0)
(93,0)
(94,0)
(95,0)
(96,0)
(97,0)
(98,0)
(99,0)

No competition garunteed and no tax, everything NE!
log complete
time: 725.4588248729706
_______________________________________________________________
key: #0 - binom mean
     #1 - binom var factor
     #2 - drivers
     #3 - terminals
     #4 - epsilon
began at time 2024-09-22 11:47:01.389078
i.v: #3 from 1 to 99 adding with step of 1
c.v: [1, 3.9810717055349727, 100, 0] run over 5000 trials
data:
(1,0)
(2,0)
(3,0)
(4,0)
(5,0)
(6,0)
(7,0)
(8,0)
(9,0)
(10,0)
(11,0)
(12,0)
(13,0)
(14,0)
(15,0)
(16,0)
(17,0)
(18,0)
(19,0)
(20,0)
(21,0)
(22,0)
(23,0)
(24,0)
(25,0)
(26,0)
(27,0)
(28,0)
(29,0)
(30,0)
(31,0)
(32,0)
(33,0)
(34,0)
(35,0)
(36,0)
(37,0)
(38,0)
(39,0)
(40,0)
(41,1)
(42,1)
(43,1)
(44,1)
(45,1)
(46,1)
(47,1)
(48,1)
(49,1)
(50,3)
(51,5)
(52,6)
(53,7)
(54,8)
(55,9)
(56,10)
(57,11)
(58,12)
(59,13)
(60,13)
(61,14)
(62,15)
(63,16)
(64,16)
(65,17)
(66,18)
(67,18)
(68,19)
(69,19)
(70,20)
(71,20)
(72,21)
(73,21)
(74,22)
(75,22)
(76,22)
(77,61)(77,79)(77,100)
(78,100)
(79,100)
(80,100)
(81,100)
(82,100)
(83,100)
(84,100)
(85,100)
(86,100)
(87,100)
(88,100)
(89,100)
(90,100)
(91,100)
(92,100)
(93,100)
(94,100)
(95,100)
(96,100)
(97,100)
(98,100)
(99,100)
(100,100)
log complete
time: 464.05113530158997
_______________________________________________________________
key: #0 - binom mean
     #1 - binom var factor
     #2 - drivers
     #3 - terminals
     #4 - epsilon
began at time 2024-09-22 11:54:45.441325
i.v: #3 from 1 to 99 adding with step of 1
c.v: [1, 15.848931924611136, 100, 0] run over 5000 trials
data:
(1,0)
(2,0)
(3,0)
(4,0)
(5,0)
(6,0)
(7,0)
(8,0)
(9,0)
(10,0)
(11,0)
(12,0)
(13,0)
(14,0)
(15,0)
(16,0)
(17,0)
(18,0)
(19,0)
(20,0)
(21,0)
(22,0)
(23,0)
(24,0)
(25,0)
(26,0)
(27,0)
(28,0)
(29,0)
(30,0)
(31,0)
(32,1)
(33,1)
(34,2)
(35,2)
(36,3)
(37,4)
(38,4)
(39,5)
(40,5)
(41,6)
(42,6)
(43,7)
(44,7)
(45,7)
(46,8)
(47,10)
(48,13)
(49,15)
(50,17)
(51,19)
(52,20)
(53,22)
(54,23)
(55,24)
(56,25)
(57,26)
(58,28)
(59,28)
(60,29)
(61,30)
(62,31)
(63,32)
(64,33)
(65,33)
(66,100)
(67,100)
(68,100)
(69,100)
(70,100)
(71,100)
(72,100)
(73,100)
(74,100)
(75,100)
(76,100)
(77,100)
(78,100)
(79,100)
(80,100)
(81,100)
(82,100)
(83,100)
(84,100)
(85,100)
(86,100)
(87,100)
(88,100)
(89,100)
(90,100)
(91,100)
(92,100)
(93,100)
(94,100)
(95,100)
(96,100)
(97,100)
(98,100)
(99,100)
(100,100)
log complete
time: 456.568617105484
_______________________________________________________________
key: #0 - binom mean
     #1 - binom var factor
     #2 - drivers
     #3 - terminals
     #4 - epsilon
began at time 2024-09-22 12:02:22.010942
i.v: #3 from 1 to 99 adding with step of 1
c.v: [1, 63.095734448019336, 100, 0] run over 5000 trials
data:
(1,0)
(2,0)
(3,0)
(4,0)
(5,0)
(6,0)
(7,0)
(8,0)
(9,0)
(10,0)
(11,0)
(12,0)
(13,0)
(14,0)
(15,0)
(16,0)
(17,0)
(18,0)
(19,0)
(20,0)
(21,0)
(22,0)
(23,0)
(24,0)
(25,0)
(26,0)
(27,0)
(28,0)
(29,1)
(30,1)
(31,1)
(32,1)
(33,2)
(34,3)
(35,4)
(36,4)
(37,5)
(38,6)
(39,6)
(40,7)
(41,8)
(42,8)
(43,9)
(44,9)
(45,10)
(46,12)
(47,15)
(48,17)
(49,19)
(50,21)
(51,23)
(52,24)
(53,26)
(54,27)
(55,28)
(56,29)
(57,31)
(58,32)
(59,32)
(60,34)
(61,34)
(62,35)
(63,36)
(64,99)
(65,100)
(66,100)
(67,100)
(68,100)
(69,100)
(70,100)
(71,100)
(72,100)
(73,100)
(74,100)
(75,100)
(76,100)
(77,100)
(78,100)
(79,100)
(80,100)
(81,100)
(82,100)
(83,100)
(84,100)
(85,100)
(86,100)
(87,100)
(88,100)
(89,100)
(90,100)
(91,100)
(92,100)
(93,100)
(94,100)
(95,100)
(96,100)
(97,100)
(98,100)
(99,100)
(100,100)
log complete
time: 457.6831085681915
_______________________________________________________________
key: #0 - binom mean
     #1 - binom var factor
     #2 - drivers
     #3 - terminals
     #4 - epsilon
began at time 2024-09-22 12:09:59.694051
i.v: #3 from 1 to 99 adding with step of 1
c.v: [1, 251.18864315095806, 100, 0] run over 5000 trials
data:
(1,0)
(2,0)
(3,0)
(4,0)
(5,0)
(6,0)
(7,0)
(8,0)
(9,0)
(10,0)
(11,0)
(12,0)
(13,0)
(14,0)
(15,0)
(16,0)
(17,0)
(18,0)
(19,0)
(20,0)
(21,0)
(22,0)
(23,0)
(24,0)
(25,0)
(26,0)
(27,0)
(28,0)
(29,1)
(30,1)
(31,1)
(32,1)
(33,2)
(34,3)
(35,4)
(36,5)
(37,5)
(38,6)
(39,7)
(40,7)
(41,8)
(42,8)
(43,9)
(44,9)
(45,10)
(46,13)
(47,15)
(48,18)
(49,20)
(50,21)
(51,23)
(52,25)
(53,26)
(54,28)
(55,29)
(56,30)
(57,31)
(58,32)
(59,33)
(60,34)
(61,35)
(62,35)
(63,36)
(64,100)
(65,100)
(66,100)
(67,100)
(68,100)
(69,100)
(70,100)
(71,100)
(72,100)
(73,100)
(74,100)
(75,100)
(76,100)
(77,100)
(78,100)
(79,100)
(80,100)
(81,100)
(82,100)
(83,100)
(84,100)
(85,100)
(86,100)
(87,100)
(88,100)
(89,100)
(90,100)
(91,100)
(92,100)
(93,100)
(94,100)
(95,100)
(96,100)
(97,100)
(98,100)
(99,100)
(100,100)
log complete
time: 460.1039996147156
_______________________________________________________________
key: #0 - binom mean
     #1 - binom var factor
     #2 - drivers
     #3 - terminals
     #4 - epsilon
began at time 2024-09-22 12:17:39.799554
i.v: #3 from 1 to 99 adding with step of 1
c.v: [1, 1000.0000000000002, 100, 0] run over 5000 trials
data:
(1,0)
(2,0)
(3,0)
(4,0)
(5,0)
(6,0)
(7,0)
(8,0)
(9,0)
(10,0)
(11,0)
(12,0)
(13,0)
(14,0)
(15,0)
(16,0)
(17,0)
(18,0)
(19,0)
(20,0)
(21,0)
(22,0)
(23,0)
(24,0)
(25,0)
(26,0)
(27,0)
(28,0)
(29,1)
(30,1)
(31,1)
(32,1)
(33,2)
(34,3)
(35,4)
(36,5)
(37,6)
(38,6)
(39,7)
(40,7)
(41,8)
(42,8)
(43,9)
(44,9)
(45,10)
(46,13)
(47,15)
(48,18)
(49,20)
(50,22)
(51,24)
(52,25)
(53,26)
(54,27)
(55,29)
(56,30)
(57,31)
(58,32)
(59,33)
(60,34)
(61,35)
(62,36)
(63,36)
(64,100)
(65,100)
(66,100)
(67,100)
(68,100)
(69,100)
(70,100)
(71,100)
(72,100)
(73,100)
(74,100)
(75,100)
(76,100)
(77,100)
(78,100)
(79,100)
(80,100)
(81,100)
(82,100)
(83,100)
(84,100)
(85,100)
(86,100)
(87,100)
(88,100)
(89,100)
(90,100)
(91,100)
(92,100)
(93,100)
(94,100)
(95,100)
(96,100)
(97,100)
(98,100)
(99,100)
(100,100)
log complete
time: 460.0666399002075
_______________________________________________________________
key: #0 - binom mean
     #1 - binom var factor
     #2 - drivers
     #3 - terminals
     #4 - epsilon
began at time 2024-09-22 12:25:19.867195
i.v: #3 from 1 to 99 adding with step of 1
c.v: [1, 3981.0717055349737, 100, 0] run over 5000 trials
data:
(1,0)
(2,0)
(3,0)
(4,0)
(5,0)
(6,0)
(7,0)
(8,0)
(9,0)
(10,0)
(11,0)
(12,0)
(13,0)
(14,0)
(15,0)
(16,0)
(17,0)
(18,0)
(19,0)
(20,0)
(21,0)
(22,0)
(23,0)
(24,0)
(25,0)
(26,0)
(27,0)
(28,0)
(29,1)
(30,1)
(31,1)
(32,1)
(33,2)
(34,3)
(35,4)
(36,5)
(37,6)
(38,6)
(39,7)
(40,7)
(41,8)
(42,9)
(43,9)
(44,10)
(45,10)
(46,13)
(47,16)
(48,18)
(49,20)
(50,22)
(51,23)
(52,25)
(53,26)
(54,28)
(55,29)
(56,30)
(57,31)
(58,32)
(59,33)
(60,34)
(61,35)
(62,36)
(63,37)(63,81)(63,91)(63,98)
(64,100)
(65,100)
(66,100)
(67,100)
(68,100)
(69,100)
(70,100)
(71,100)
(72,100)
(73,100)
(74,100)
(75,100)
(76,100)
(77,100)
(78,100)
(79,100)
(80,100)
(81,100)
(82,100)
(83,100)
(84,100)
(85,100)
(86,100)
(87,100)
(88,100)
(89,100)
(90,100)
(91,100)
(92,100)
(93,100)
(94,100)
(95,100)
(96,100)
(97,100)
(98,100)
(99,100)
(100,100)
log complete
time: 460.277694940567
_______________________________________________________________
key: #0 - binom mean
     #1 - binom var factor
     #2 - drivers
     #3 - terminals
     #4 - epsilon
began at time 2024-09-22 12:33:00.145891
i.v: #3 from 1 to 99 adding with step of 1
c.v: [1, 15848.93192461114, 100, 0] run over 5000 trials
data:
(1,0)
(2,0)
(3,0)
(4,0)
(5,0)
(6,0)
(7,0)
(8,0)
(9,0)
(10,0)
(11,0)
(12,0)
(13,0)
(14,0)
(15,0)
(16,0)
(17,0)
(18,0)
(19,0)
(20,0)
(21,0)
(22,0)
(23,0)
(24,0)
(25,0)
(26,0)
(27,0)
(28,0)
(29,1)
(30,1)
(31,1)
(32,1)
(33,2)
(34,3)
(35,4)
(36,5)
(37,5)
(38,6)
(39,7)
(40,7)
(41,8)
(42,9)
(43,9)
(44,10)
(45,10)
(46,13)
(47,15)
(48,18)
(49,20)
(50,22)
(51,23)
(52,25)
(53,26)
(54,28)
(55,29)
(56,30)
(57,31)
(58,32)
(59,33)
(60,34)
(61,35)
(62,36)
(63,37)(63,100)
(64,100)
(65,100)
(66,100)
(67,100)
(68,100)
(69,100)
(70,100)
(71,100)
(72,100)
(73,100)
(74,100)
(75,100)
(76,100)
(77,100)
(78,100)
(79,100)
(80,100)
(81,100)
(82,100)
(83,100)
(84,100)
(85,100)
(86,100)
(87,100)
(88,100)
(89,100)
(90,100)
(91,100)
(92,100)
(93,100)
(94,100)
(95,100)
(96,100)
(97,100)
(98,100)
(99,100)
(100,100)
log complete
time: 459.30224204063416
_______________________________________________________________
key: #0 - binom mean
     #1 - binom var factor
     #2 - drivers
     #3 - terminals
     #4 - epsilon
began at time 2024-09-22 12:40:39.448133
i.v: #3 from 1 to 99 adding with step of 1
c.v: [1, 63095.73444801935, 100, 0] run over 5000 trials
data:
(1,0)
(2,0)
(3,0)
(4,0)
(5,0)
(6,0)
(7,0)
(8,0)
(9,0)
(10,0)
(11,0)
(12,0)
(13,0)
(14,0)
(15,0)
(16,0)
(17,0)
(18,0)
(19,0)
(20,0)
(21,0)
(22,0)
(23,0)
(24,0)
(25,0)
(26,0)
(27,0)
(28,0)
(29,1)
(30,1)
(31,1)
(32,1)
(33,2)
(34,3)
(35,4)
(36,5)
(37,5)
(38,6)
(39,7)
(40,7)
(41,8)
(42,8)
(43,9)
(44,10)
(45,10)
(46,13)
(47,16)
(48,18)
(49,20)
(50,22)
(51,23)
(52,25)
(53,26)
(54,28)
(55,29)
(56,30)
(57,31)
(58,32)
(59,33)
(60,34)
(61,35)
(62,36)
(63,36)
(64,100)
(65,100)
(66,100)
(67,100)
(68,100)
(69,100)
(70,100)
(71,100)
(72,100)
(73,100)
(74,100)
(75,100)
(76,100)
(77,100)
(78,100)
(79,100)
(80,100)
(81,100)
(82,100)
(83,100)
(84,100)
(85,100)
(86,100)
(87,100)
(88,100)
(89,100)
(90,100)
(91,100)
(92,100)
(93,100)
(94,100)
(95,100)
(96,100)
(97,100)
(98,100)
(99,100)
(100,100)
log complete
time: 463.4582664966583
_______________________________________________________________
key: #0 - binom mean
     #1 - binom var factor
     #2 - drivers
     #3 - terminals
     #4 - epsilon
began at time 2024-09-22 12:48:22.907379
i.v: #3 from 1 to 99 adding with step of 1
c.v: [1, 251188.64315095812, 100, 0] run over 5000 trials
data:
(1,0)
(2,0)
(3,0)
(4,0)
(5,0)
(6,0)
(7,0)
(8,0)
(9,0)
(10,0)
(11,0)
(12,0)
(13,0)
(14,0)
(15,0)
(16,0)
(17,0)
(18,0)
(19,0)
(20,0)
(21,0)
(22,0)
(23,0)
(24,0)
(25,0)
(26,0)
(27,0)
(28,0)
(29,1)
(30,1)
(31,1)
(32,1)
(33,2)
(34,3)
(35,4)
(36,5)
(37,5)
(38,6)
(39,7)
(40,7)
(41,8)
(42,9)
(43,9)
(44,10)
(45,10)
(46,13)
(47,15)
(48,18)
(49,20)
(50,22)
(51,23)
(52,25)
(53,27)
(54,28)
(55,29)
(56,30)
(57,31)
(58,32)
(59,33)
(60,34)
(61,35)
(62,36)
(63,36)(63,100)
(64,100)
(65,100)
(66,100)
(67,100)
(68,100)
(69,100)
(70,100)
(71,100)
(72,100)
(73,100)
(74,100)
(75,100)
(76,100)
(77,100)
(78,100)
(79,100)
(80,100)
(81,100)
(82,100)
(83,100)
(84,100)
(85,100)
(86,100)
(87,100)
(88,100)
(89,100)
(90,100)
(91,100)
(92,100)
(93,100)
(94,100)
(95,100)
(96,100)
(97,100)
(98,100)
(99,100)
(100,100)

log complete
time: 524.8783447742462
_______________________________________________________________
key: #0 - binom mean
     #1 - binom var factor
     #2 - drivers
     #3 - terminals
     #4 - epsilon
began at time 2024-09-23 16:16:14.527483
i.v: #1 from 1 to 1000000 multiplying with step of 3.9810717055349727
c.v: [1, 100, 100, 0] run over 5000 trials
key: #0 - binom mean
     #1 - binom var factor
     #2 - drivers
     #3 - terminals
     #4 - epsilon
began at time 2024-09-23 16:17:53.703858
i.v: #1 from 1 to 1000000 multiplying with step of 3.9810717055349727
c.v: [1, 100, 100, 0] run over 5000 trials
data:
(1,0)(1,1)(1,2)(1,3)(1,4)(1,5)(1,6)(1,7)(1,8)(1,9)(1,10)(1,11)(1,12)(1,13)(1,14)(1,15)(1,16)(1,17)(1,18)(1,19)(1,20)(1,21)(1,22)(1,23)(1,24)(1,25)(1,26)(1,27)(1,28)(1,29)(1,30)(1,31)(1,32)(1,33)(1,34)(1,35)(1,36)(1,37)(1,38)(1,39)(1,40)(1,41)(1,42)(1,43)(1,44)(1,45)(1,46)(1,47)(1,48)(1,49)(1,50)(1,51)(1,52)(1,53)(1,54)(1,55)(1,56)(1,57)(1,58)(1,59)(1,60)(1,61)(1,62)(1,63)(1,64)(1,65)(1,66)(1,67)(1,68)(1,69)(1,70)(1,71)(1,72)(1,73)(1,74)(1,75)(1,76)(1,77)(1,78)(1,79)(1,80)(1,81)(1,82)(1,83)(1,84)(1,85)(1,86)(1,87)(1,88)(1,89)(1,90)(1,91)(1,92)(1,93)(1,94)(1,95)(1,96)(1,97)(1,98)(1,99) X
(3.9810717055349727,100) X
(15.848931924611136,100)
(63.095734448019336,100)
(251.18864315095806,100)
(1000.0000000000002,100)
(3981.0717055349737,100)
(15848.93192461114,100)
(63095.73444801935,100)
(251188.64315095812,100)
(1000000.0000000005,100)

log complete
time: 288.32081031799316
_______________________________________________________________
